252454864
158238440
159363947
135963838
455457
416977904
297511623
360459717
501595614
290656063
213204162
297061116
157680735
220416772
155932675
229684032
272841267
169984008
231941934
139442242
405305730
271661679
309267021
139191258
361707727
84308497
575311088
231561476
215939490
332740435
169286198
327134685
191586850
409911965
250154509
93033128
274714025
472906270
226025281
810786882
481154555
307944736
407263483
267743825
303711947
348060576
329987225
412832511
224704978
298714316
255233381
120002437
257287039
348129841
261669987
446125664
470601588
435508786
363177810
165007783
393615230
246878279
338891545
254668088
256496256
281262807
392243044
234506163
339452856
109559444
312939211
162605554
231951623
375780957
139339947
250973124
424206210
165850280
465813758
194299125
297749442
469186352
286732157
228822340
495708788
195616352
341883638
396245352
390194050
501465940
276336640
198374518
165872448
156307322
60524172
328301499
227505037
225974223
213817336
141857179
372493621
203083172
317468708
216363622
309573283
230057502
361185924
382179476
362097863
220378559
498478826
250169784
294414599
269961943
400094572
286121409
189082058
232223724
372714496
333091852
233258964
195617904
182232758
235125450
250179141
263815434
199630918
277755224
307621982
311708904
326022081
399446546
240087836
110747050
339834876
244691631
169054813
245356272
150365437
136017930
181241105
328130869
376056703
209471622
343711136
269405063
363915400
294326632
204463330
237636809
202503774
213390082
162717833
166011740
198302302
353754665
85026531
56323441
203952407
152693131
82847412
207493452
170030645
170556525
152375302
177148166
376088708
190759876
619108976
345519441
233887984
142159874
496867056
159547765
288407028
219467317
252369553
287836313
333182239
349852680
132342020
472580647
308528420
247634742
107658223
397135342
273967401
319089945
305903328
87872866
143628201
512174842
348345788
490817587
333278327
192530937
168405713
227859965
373626486
223007359
380315776
139714825
136457553
173827944
157817514
151814179
60153955
131540070
466167823
63235942
225808103
137407783
96847160
